0 1
0 2
0 3
0 4
0 5
0 6
0 7
0 8
0 9
0 10
0 11
0 12
0 13
0 14
0 15
0 16
0 17
0 18
0 19
0 20
0 21
0 22
0 23
0 24
0 25
0 26
0 27
0 28
0 29
0 30
0 31
0 32
0 33
0 34
0 35
0 36
0 37
1 1
1 38
1 39
1 40
1 41
1 42
1 43
1 44
1 45
2 1
2 6
2 7
2 10
2 11
2 12
2 13
2 15
2 16
2 20
2 21
2 22
2 24
2 28
2 29
2 36
2 46
2 47
2 48
2 49
2 50
2 51
2 52
2 53
2 54
2 55
2 56
2 57
2 58
2 59
2 60
2 61
2 62
2 63
2 64
2 65
2 66
3 1
3 10
3 15
3 19
3 21
3 24
3 27
3 28
3 29
3 30
3 32
3 33
3 35
3 36
3 47
3 48
3 49
3 54
3 59
3 60
3 61
3 67
3 68
3 69
4 1
4 11
4 12
4 13
4 15
4 21
4 24
4 25
4 34
4 36
4 49
4 57
4 60
4 61
4 62
4 64
4 69
4 70
4 71
4 72
4 73
4 74
5 1
5 2
5 3
5 6
5 7
5 10
5 11
5 12
5 13
5 15
5 17
5 18
5 19
5 20
5 21
5 22
5 23
5 24
5 28
5 29
5 35
5 36
5 48
5 49
5 55
5 58
5 75
5 76
5 77
5 78
5 79
5 80
5 81
5 82
5 83
5 84
5 85
5 86
5 87